
10000
45 1288 967 
20000
64 2000 1038 
30000
33 1503 1157 
40000
30 1403 1306 
50000
33 1353 1329 
60000
31 1406 1468 
70000
31 1363 1387 
80000
31 1464 1519 
90000
30 1468 1471 
100000
31 1447 1521 
110000
31 1399 1501 
120000
30 1452 2122 
130000
32 2190 2507 
140000
32 1802 2513 
150000
31 1615 2342 
160000
31 1469 1735 
170000
31 1537 1722 
180000
36 1514 1564 
190000
32 1511 1607 
200000
31 1627 1811 
210000
31 2027 2189 
220000
34 2279 2088 
230000
30 1646 1767 
240000
31 1463 1830 
250000
30 1654 1803 
260000
30 1637 1681 
270000
31 1587 1861 
280000
31 1694 1702 
290000
31 1769 1873 
300000
44 1759 2015 
310000
30 1639 2175 
320000
54 1876 2242 
330000
31 1744 1871 
340000
31 1826 1824 
350000
33 1821 2019 
360000
31 1843 2354 
370000
30 1892 1978 
380000
32 2111 2081 
390000
32 1857 2060 
400000
33 2204 2157 
410000
31 1914 2316 
420000
31 1936 2309 
430000
31 2026 2027 
440000
32 2099 2381 
450000
38 2017 2254 
460000
31 2095 2227 
470000
31 2028 2240 
480000
32 2108 2646 
490000
32 2214 2427 
500000
32 2169 2389 
510000
33 2086 2755 
520000
33 2225 2356 
530000
32 2184 2615 
540000
32 2262 2560 
550000
32 2263 2504 
560000
32 2241 2637 
570000
35 2264 2571 
580000
33 2207 2629 
590000
33 2301 2562 
600000
49 2190 2404 
610000
30 2273 2766 
620000
33 2273 2537 
630000
32 2198 2906 
640000
32 2303 2963 
650000
33 2341 3107 
660000
32 2551 2776 
670000
33 2346 3077 
680000
33 2292 2998 
690000
32 2258 3198 
700000
33 2308 3109 
710000
34 2315 2806 
720000
33 2302 3640 
730000
41 2335 3394 
740000
31 2238 3505 
750000
33 2319 3631 
760000
33 2359 4007 
770000
34 2368 3584 
780000
38 2212 3665 
790000
33 2310 3682 
800000
34 2335 4018 
810000
35 2392 3704 
820000
33 2467 3286 
830000
34 2256 2928 
840000
31 2431 3483 
850000
33 2349 3901 
860000
34 2429 3774 
870000
37 2215 3936 
880000
35 2462 4220 
890000
32 2408 3724 
900000
34 2390 4121 
910000
34 2451 3894 
920000
31 2320 4128 
930000
34 2388 4288 
940000
34 2421 4484 
950000
34 2375 4302 
960000
32 2356 4301 
970000
32 2410 4406 
980000
36 2402 4621 
990000
34 2418 3921 
1000000
34 2154 4375 
1010000
32 2380 4802 
1020000
35 2478 4476 
1030000
36 2510 4477 
1040000
34 2474 4671 
1050000
36 2390 4858 
1060000
36 2434 4793 
1070000
35 2434 4928 
1080000
34 2406 4479 
1090000
36 2371 4629 
1100000
34 2476 4600 
1110000
34 2448 4487 
1120000
35 2462 4491 
1130000
35 2537 4844 
1140000
35 2465 4449 
1150000
35 2515 5360 
1160000
33 2360 4264 
1170000
34 2501 5135 
1180000
35 2528 4833 
1190000
34 2555 5192 
1200000
32 2238 4509 
1210000
35 2494 5337 
1220000
30 2347 5268 
1230000
35 2618 5365 
1240000
30 2174 4589 
1250000
34 2522 5109 
1260000
35 2623 5108 
1270000
34 2382 4983 
1280000
36 2550 5277 
1290000
35 2538 5015 
1300000
35 2497 5320 
1310000
35 2656 5098 
1320000
30 2191 4659 
1330000
35 2581 4746 
1340000
34 2504 5080 
1350000
34 2469 5084 
1360000
36 2524 5246 
1370000
34 2517 4768 
1380000
34 2538 5488 
1390000
34 2578 5125 
1400000
35 2478 5563 
1410000
35 2596 4857 
1420000
35 2653 4660 
1430000
35 2519 5136 
1440000
30 2095 4486 
1450000
36 2608 5006 
1460000
30 2481 5187 
1470000
35 2623 4678 
1480000
34 2433 5096 
1490000
35 2522 5164 
1500000
39 2492 5749 
1600000
35 2551 5252 
1700000
35 2688 5416 
1800000
35 2488 5432 
1900000
35 2663 5285 
2000000
35 2693 5425 