
10000
2361 3304 3338 
20000
2593 3598 3628 
30000
2679 3886 3912 
40000
2571 4047 4197 
50000
2493 4343 4142 
60000
2556 4406 4419 
70000
2573 4404 4497 
80000
2646 4485 4505 
90000
2695 4383 4557 
100000
2605 4497 4666 
110000
2617 4709 7252 
120000
2814 6161 4907 
130000
2751 4617 4832 
140000
2789 4667 6766 
150000
2889 4813 5183 
160000
2788 4641 5014 
170000
2727 5164 7485 
180000
2879 6488 6460 
190000
2895 4694 5202 
200000
2751 4939 5981 
210000
2792 4889 7943 
220000
2801 5069 8799 
230000
2789 4819 9107 
240000
2858 7045 8619 
250000
3158 4934 6872 
260000
2918 5157 6773 
270000
2958 5492 9388 
280000
3039 5055 6258 
290000
2997 5594 6438 
300000
2942 6302 7908 
310000
2944 5965 6473 
320000
3106 5064 6406 
330000
2956 5097 6842 
340000
3009 5030 7917 
350000
3071 5044 7876 
360000
4269 8024 10572 
370000
3053 5165 10635 
380000
3218 5016 7045 
390000
3022 4855 7198 
400000
2937 4979 7228 
410000
2947 4901 7107 
420000
3118 5072 7442 
430000
3046 5008 7485 
440000
3104 5034 7377 
450000
3099 5057 7808 
460000
2963 5099 8137 
470000
2967 5047 11068 
480000
2993 5543 8743 
490000
3048 5284 9308 
500000
2960 5172 10447 
510000
2982 5022 8983 
520000
2998 5388 8775 
530000
2995 5832 8703 
540000
3187 5133 8195 
550000
3067 5066 8208 
560000
3019 5624 12175 
570000
3209 6030 10017 
580000
3125 5021 8366 
590000
3125 5279 8883 
600000
3140 5344 8842 
610000
3247 5404 11090 
620000
3217 5398 9896 
630000
3189 5125 9012 
640000
3081 4961 8564 
650000
3205 5347 9609 
660000
3136 5103 8767 
670000
3186 5265 8990 
680000
3142 5419 8992 
690000
3155 5955 9708 
700000
3252 5333 11380
710000
3231 5044 9683 
720000
3159 5043 8991 
730000
3169 5173 9527 
740000
3106 5156 9286 
750000
3192 5176 9303 
760000
3137 5820 11168 
770000
3455 6171 11743 
780000
3803 6173 10948 
790000
3457 6217 10591 
800000
3534 5819 10702 
810000
3490 5628 11233 
820000
3496 5863 11008 
830000
3480 6344 11256 
840000
3485 6375 12033 
850000
3664 5854 11252 
860000
3526 5799 11028 
870000
3469 5833 12700 
880000
3519 6092 11025 
890000
3499 5781 11869 
900000
3487 7071 12116
910000
3840 5741 10637 
920000
3497 5911 11322 
930000
3495 5918 11058 
940000
3476 5843 11144 
950000
3512 6657 13781 
960000
3623 5855 11342 
970000
3496 6101 11462 
980000
3535 5963 12558 
990000
3470 6004 11598 
1000000
3454 7147 13867 